{
  "nbformat": 4,
  "nbformat_minor": 0,
  "metadata": {
    "kernelspec": {
      "display_name": "Python 3",
      "language": "python",
      "name": "python3"
    },
    "language_info": {
      "codemirror_mode": {
        "name": "ipython",
        "version": 3
      },
      "file_extension": ".py",
      "mimetype": "text/x-python",
      "name": "python",
      "nbconvert_exporter": "python",
      "pygments_lexer": "ipython3",
      "version": "3.5.2"
    },
    "colab": {
      "name": "aabonillad_week_1_LU_pivoting.ipynb",
      "provenance": [],
      "collapsed_sections": []
    }
  },
  "cells": [
    {
      "cell_type": "markdown",
      "metadata": {
        "id": "FdCUQ7y6WXmz"
      },
      "source": [
        "#Métodos Numéricos UN 2021\n",
        "\n",
        "Andres Alejandro Bonilla Duarte\n",
        "\n",
        "*aabonilld@unal.edu.co*\n",
        "\n",
        "Lab 10. Coursera. Introduction to Numerical Analisis. Week 1 LU Factorization."
      ]
    },
    {
      "cell_type": "markdown",
      "metadata": {
        "id": "tMf_IA-N-Jnn"
      },
      "source": [
        "# I. $LU$ factorization of a square matrix\n",
        "\n",
        "When we premultply $A$ by lower triangular elemetary matrices $\\Lambda_j$ it is trasfrommed in an  upper triangular matrix $U$\n",
        "\n",
        "$$  \\Lambda_{n-1}  \\ldots\\Lambda_2  \\Lambda_1 A  = U$$\n",
        "\n",
        "$$  A  = (\\Lambda_{n-1}  \\ldots\\Lambda_2  \\Lambda_2 )^{-1} U$$\n",
        "\n",
        "The inverse of a product of matrices is the revesre product of inverses\n",
        "$$  A  = (\\Lambda_1^{-1}  \\Lambda_2^{-1} \\ldots  \\Lambda_{n-1}^{-1}) U$$\n",
        "\n",
        "and inverse of a Lower Triangular Elemetary Matrix is minus the matrix $\\Lambda_j^{-1} = - \\Lambda_j$, so \n",
        "\n",
        "$$ A  =  (-\\Lambda_1) (-\\Lambda_2) \\ldots   (-\\Lambda_{n-1})  U$$\n",
        "\n",
        "So the $LU$ column pivot factorization is \n",
        "$$  A  = L U$$\n",
        "with\n",
        "$$ U = \\Lambda_{n-1}  \\ldots\\Lambda_2  \\Lambda_1 A  $$\n",
        "an upper triangular matrix\n",
        "$$ L  =  \\Lambda_1^{-1}  \\Lambda_2^{-1} \\ldots  \\Lambda_{n-1}^{-1} $$\n",
        "an lower triangular matrix."
      ]
    },
    {
      "cell_type": "markdown",
      "metadata": {
        "id": "ryJWDtDi-Jn2"
      },
      "source": [
        "Consider a simple naive implementation of the LU decomposition. \n",
        "\n",
        "Note that we're using the `numpy` arrays to represent matrices [do **not** use `np.matrix`]."
      ]
    },
    {
      "cell_type": "code",
      "metadata": {
        "id": "Oylm7-F1V10Z"
      },
      "source": [
        "import numpy as np"
      ],
      "execution_count": 1,
      "outputs": []
    },
    {
      "cell_type": "code",
      "metadata": {
        "collapsed": true,
        "id": "qS-O6AFH-Jn5"
      },
      "source": [
        "\n",
        "def diy_lu(a):\n",
        "    \"\"\"Construct the LU decomposition of the input matrix.\n",
        "    \n",
        "    Naive LU decomposition: work column by column, accumulate elementary triangular matrices.\n",
        "    No pivoting.\n",
        "    \"\"\"\n",
        "    N = a.shape[0]\n",
        "    \n",
        "    u = a.copy()\n",
        "    L = np.eye(N)\n",
        "    for j in range(N-1):\n",
        "        lam = np.eye(N)\n",
        "        gamma = u[j+1:, j] / u[j, j]\n",
        "        lam[j+1:, j] = -gamma\n",
        "        u = lam @ u\n",
        "\n",
        "        lam[j+1:, j] = gamma\n",
        "        L = L @ lam\n",
        "    return L, u"
      ],
      "execution_count": 2,
      "outputs": []
    },
    {
      "cell_type": "code",
      "metadata": {
        "colab": {
          "base_uri": "https://localhost:8080/"
        },
        "id": "tRrUxtl9-Jn7",
        "outputId": "aeca7b1c-7d30-4c1a-8c94-e081b296dc64"
      },
      "source": [
        "# Now, generate a full rank matrix and test the naive implementation\n",
        "\n",
        "import numpy as np\n",
        "\n",
        "N = 6\n",
        "a = np.zeros((N, N), dtype=float)\n",
        "for i in range(N):\n",
        "    for j in range(N):\n",
        "        a[i, j] = 3. / (0.6*i*j + 1)\n",
        "\n",
        "np.linalg.matrix_rank(a)"
      ],
      "execution_count": 3,
      "outputs": [
        {
          "output_type": "execute_result",
          "data": {
            "text/plain": [
              "6"
            ]
          },
          "metadata": {
            "tags": []
          },
          "execution_count": 3
        }
      ]
    },
    {
      "cell_type": "code",
      "metadata": {
        "collapsed": true,
        "id": "lGALbcyp-Jn-"
      },
      "source": [
        "# Tweak the printing of floating-point numbers, for clarity\n",
        "np.set_printoptions(precision=3)"
      ],
      "execution_count": 4,
      "outputs": []
    },
    {
      "cell_type": "code",
      "metadata": {
        "colab": {
          "base_uri": "https://localhost:8080/"
        },
        "id": "rbKuifDu-JoA",
        "outputId": "fedae4b8-e6e6-4a5f-d558-b262bd69777e"
      },
      "source": [
        "L, u = diy_lu(a)\n",
        "\n",
        "print(L, \"\\n\")\n",
        "print(u, \"\\n\")\n",
        "\n",
        "# Quick sanity check: L times U must equal the original matrix, up to floating-point errors.\n",
        "print(L@u - a)"
      ],
      "execution_count": 5,
      "outputs": [
        {
          "output_type": "stream",
          "text": [
            "[[1.    0.    0.    0.    0.    0.   ]\n",
            " [1.    1.    0.    0.    0.    0.   ]\n",
            " [1.    1.455 1.    0.    0.    0.   ]\n",
            " [1.    1.714 1.742 1.    0.    0.   ]\n",
            " [1.    1.882 2.276 2.039 1.    0.   ]\n",
            " [1.    2.    2.671 2.944 2.354 1.   ]] \n",
            "\n",
            "[[ 3.000e+00  3.000e+00  3.000e+00  3.000e+00  3.000e+00  3.000e+00]\n",
            " [ 0.000e+00 -1.125e+00 -1.636e+00 -1.929e+00 -2.118e+00 -2.250e+00]\n",
            " [ 0.000e+00  0.000e+00  2.625e-01  4.574e-01  5.975e-01  7.013e-01]\n",
            " [ 0.000e+00  2.220e-16  0.000e+00 -2.197e-02 -4.480e-02 -6.469e-02]\n",
            " [ 0.000e+00 -4.528e-16  0.000e+00  6.939e-18  8.080e-04  1.902e-03]\n",
            " [ 0.000e+00  4.123e-16  0.000e+00 -1.634e-17  0.000e+00 -1.585e-05]] \n",
            "\n",
            "[[ 0.000e+00  0.000e+00  0.000e+00  0.000e+00  0.000e+00  0.000e+00]\n",
            " [ 0.000e+00  0.000e+00  0.000e+00  0.000e+00  0.000e+00  0.000e+00]\n",
            " [ 0.000e+00  0.000e+00 -1.110e-16  1.110e-16  1.110e-16 -5.551e-17]\n",
            " [ 0.000e+00  0.000e+00  3.331e-16 -2.220e-16 -5.551e-17  0.000e+00]\n",
            " [ 0.000e+00  0.000e+00  0.000e+00 -1.110e-16 -1.665e-16  0.000e+00]\n",
            " [ 0.000e+00  0.000e+00 -1.110e-16 -2.776e-16  1.110e-16  1.110e-16]]\n"
          ],
          "name": "stdout"
        }
      ]
    },
    {
      "cell_type": "code",
      "metadata": {
        "colab": {
          "base_uri": "https://localhost:8080/"
        },
        "id": "dvehj4BDNo2a",
        "outputId": "79a79aca-e8bd-414a-e3ec-5110e0a9f478"
      },
      "source": [
        "a"
      ],
      "execution_count": 6,
      "outputs": [
        {
          "output_type": "execute_result",
          "data": {
            "text/plain": [
              "array([[3.   , 3.   , 3.   , 3.   , 3.   , 3.   ],\n",
              "       [3.   , 1.875, 1.364, 1.071, 0.882, 0.75 ],\n",
              "       [3.   , 1.364, 0.882, 0.652, 0.517, 0.429],\n",
              "       [3.   , 1.071, 0.652, 0.469, 0.366, 0.3  ],\n",
              "       [3.   , 0.882, 0.517, 0.366, 0.283, 0.231],\n",
              "       [3.   , 0.75 , 0.429, 0.3  , 0.231, 0.188]])"
            ]
          },
          "metadata": {
            "tags": []
          },
          "execution_count": 6
        }
      ]
    },
    {
      "cell_type": "markdown",
      "metadata": {
        "id": "qaCcTLM0-JoD"
      },
      "source": [
        "# II. The need for pivoting"
      ]
    },
    {
      "cell_type": "markdown",
      "metadata": {
        "id": "ivo8fWTo-JoG"
      },
      "source": [
        "Let's tweak the matrix a little bit, we only change a single element:"
      ]
    },
    {
      "cell_type": "code",
      "metadata": {
        "collapsed": true,
        "id": "STSlupP3-JoH"
      },
      "source": [
        "a1 = a.copy()\n",
        "a1[1, 1] = 3\n"
      ],
      "execution_count": 7,
      "outputs": []
    },
    {
      "cell_type": "code",
      "metadata": {
        "colab": {
          "base_uri": "https://localhost:8080/"
        },
        "id": "84SaTIEYOnTT",
        "outputId": "d1d02725-dab1-4651-f10c-d2bc9cc0e1cd"
      },
      "source": [
        "a1"
      ],
      "execution_count": 8,
      "outputs": [
        {
          "output_type": "execute_result",
          "data": {
            "text/plain": [
              "array([[3.   , 3.   , 3.   , 3.   , 3.   , 3.   ],\n",
              "       [3.   , 3.   , 1.364, 1.071, 0.882, 0.75 ],\n",
              "       [3.   , 1.364, 0.882, 0.652, 0.517, 0.429],\n",
              "       [3.   , 1.071, 0.652, 0.469, 0.366, 0.3  ],\n",
              "       [3.   , 0.882, 0.517, 0.366, 0.283, 0.231],\n",
              "       [3.   , 0.75 , 0.429, 0.3  , 0.231, 0.188]])"
            ]
          },
          "metadata": {
            "tags": []
          },
          "execution_count": 8
        }
      ]
    },
    {
      "cell_type": "markdown",
      "metadata": {
        "id": "euVZOk5R-JoL"
      },
      "source": [
        "Resulting matix still has full rank, but the naive LU routine breaks down."
      ]
    },
    {
      "cell_type": "code",
      "metadata": {
        "colab": {
          "base_uri": "https://localhost:8080/"
        },
        "id": "S9TG6ulL-JoM",
        "outputId": "173d4862-51f7-44b9-cf29-8c57662a9aec"
      },
      "source": [
        "np.linalg.matrix_rank(a1)"
      ],
      "execution_count": 9,
      "outputs": [
        {
          "output_type": "execute_result",
          "data": {
            "text/plain": [
              "6"
            ]
          },
          "metadata": {
            "tags": []
          },
          "execution_count": 9
        }
      ]
    },
    {
      "cell_type": "code",
      "metadata": {
        "colab": {
          "base_uri": "https://localhost:8080/"
        },
        "id": "r3a6ocX_-JoQ",
        "outputId": "52fcfda6-4602-4545-a728-2ac5fd9230a2"
      },
      "source": [
        "l, u = diy_lu(a1)\n",
        "\n",
        "print(l, u)"
      ],
      "execution_count": 10,
      "outputs": [
        {
          "output_type": "stream",
          "text": [
            "[[nan nan nan nan nan nan]\n",
            " [nan nan nan nan nan nan]\n",
            " [nan nan nan nan nan nan]\n",
            " [nan nan nan nan nan nan]\n",
            " [nan nan nan nan nan nan]\n",
            " [nan nan nan nan nan nan]] [[nan nan nan nan nan nan]\n",
            " [nan nan nan nan nan nan]\n",
            " [nan nan nan nan nan nan]\n",
            " [nan nan nan nan nan nan]\n",
            " [nan nan nan nan nan nan]\n",
            " [nan nan nan nan nan nan]]\n"
          ],
          "name": "stdout"
        },
        {
          "output_type": "stream",
          "text": [
            "/usr/local/lib/python3.7/dist-packages/ipykernel_launcher.py:14: RuntimeWarning: divide by zero encountered in true_divide\n",
            "  \n",
            "/usr/local/lib/python3.7/dist-packages/ipykernel_launcher.py:16: RuntimeWarning: invalid value encountered in matmul\n",
            "  app.launch_new_instance()\n",
            "/usr/local/lib/python3.7/dist-packages/ipykernel_launcher.py:19: RuntimeWarning: invalid value encountered in matmul\n",
            "/usr/local/lib/python3.7/dist-packages/ipykernel_launcher.py:14: RuntimeWarning: invalid value encountered in true_divide\n",
            "  \n"
          ],
          "name": "stderr"
        }
      ]
    },
    {
      "cell_type": "markdown",
      "metadata": {
        "id": "wUpK-LM7-JoR"
      },
      "source": [
        "### Test II.1\n",
        "\n",
        "For a naive LU decomposition to work, all leading minors of a matrix should be non-zero. Check if this requirement is satisfied for the two matrices `a` and `a1`.\n",
        "\n",
        "(20% of the grade)"
      ]
    },
    {
      "cell_type": "code",
      "metadata": {
        "colab": {
          "base_uri": "https://localhost:8080/"
        },
        "id": "dthPSoan-JoT",
        "outputId": "83ca0cfe-8ca3-42fe-d009-b828ababfead"
      },
      "source": [
        "# ... ENTER YOUR CODE HERE ...\n",
        "\n",
        "def revisionCero(x):\n",
        "  notCero=True\n",
        "  for item in range(x.shape[0]):\n",
        "    if np.linalg.det(x[:item+1,:item+1]) == 0:\n",
        "      notCero= False\n",
        "      break\n",
        "  return notCero\n",
        "\n",
        "print(\"Para a:\",revisionCero(a),\"\\n y para b:\",revisionCero(a1))\n",
        "\n",
        "\n",
        "\n",
        "\n"
      ],
      "execution_count": 11,
      "outputs": [
        {
          "output_type": "stream",
          "text": [
            "Para a: True \n",
            " y para b: False\n"
          ],
          "name": "stdout"
        }
      ]
    },
    {
      "cell_type": "markdown",
      "metadata": {
        "id": "LADXkb8V-JoV"
      },
      "source": [
        "### Test II.2\n",
        "\n",
        "Modify the `diy_lu` routine to implement column pivoting. Keep track of pivots, you can either construct a permutation matrix, or a swap array (your choice).\n",
        "\n",
        "(40% of the grade)\n",
        "\n",
        "Implement a function to reconstruct the original matrix from a decompositon. Test your routines on the matrices `a` and `a1`.\n",
        "\n",
        "(40% of the grade)"
      ]
    },
    {
      "cell_type": "markdown",
      "metadata": {
        "id": "pS9Sq0o30wOC"
      },
      "source": [
        "# 2. $LU$ factorization column pivoting\n",
        "When we premultply $A$ by elementary permutation matricex$P_j$( to find a good pivot) and the premultply by lower triangular elemetary matrices $\\Lambda_j$  it is trasfrommed in an  upper triangular matrix $U$\n",
        "\n",
        "$$  \\Lambda_{n-1} P_{n-1} \\ldots \\Lambda_2 P_2 \\Lambda_1 P_1 A  = U$$\n",
        "$$  A  = (\\Lambda_{n-1} P_{n-1} \\ldots \\Lambda_2 P_2 \\Lambda_1 P_1)^{-1} U$$\n",
        "\n",
        "with\n",
        "\n",
        "\\begin{array}{ll}L  &=  (\\Lambda_{n-1} P_{n-1} \\ldots \\Lambda_2 P_2 \\Lambda_1 P_1)^{-1}\\\\\n",
        "&= P_1^{-1} \\Lambda_1^{-1} P_2^{-1} \\Lambda_2^{-1} \\ldots  P_{n-1}^{-1}\\\\\n",
        " &= P_1^{t} (-\\Lambda_1) P_2^{t} (-\\Lambda_2) \\ldots  P_{n-1}^{t} (-\\Lambda_{n-1})\n",
        "\\end{array}\n",
        "\n",
        "\n",
        "\n",
        "Because the inverse a of a Lower Triangular Elemetary Matrix is minus the matrix $\\Lambda_i^{-1} = - \\Lambda_i$ and the inverse of a Permutation Matrix (in particular an elementary permutation matrix)  is its transpose [math.stackexchange](\n",
        "        https://math.stackexchange.com/questions/98549/the-transpose-of-a-permutation-matrix-is-its-inverse#:~:text=Taking%20the%20transpose%20of%20P,Pt%3DP%E2%88%921.)  $P_i^{-1}=P_i^{t}$, so\n",
        "\n",
        "\n",
        "If we use \n",
        "$$  \\hat{L}  = (\\Lambda_{n-1}  \\ldots \\Lambda_2\\Lambda_1)^{-1}$$\n",
        "The inverse of a product of matrices is the revesre product of inverses \n",
        "$$ \\hat{L} = \\Lambda_1^{-1}\\Lambda_2^{-1} \\ldots  \\Lambda_{n-1}^{-1} $$\n",
        "the inverse a of a Lower Triangular Elemetary Matrix is minus the matrix $\\Lambda_i^{-1} = - \\Lambda_i$\n",
        "$$ \\hat{L} = (-\\Lambda_1)  (-\\Lambda_2) \\ldots  (-\\Lambda_{n-1}) $$\n",
        "\n",
        "Then\n",
        "$$    A_\\pi  = \\hat{L} U$$\n",
        "with $A_\\pi$ equal to $A$ with rows permutated acoording to some permutation $\\pi$\n",
        "\n",
        "Equiavlently \n",
        "$$   A  = (\\hat{L}U)_{\\pi'}$$\n",
        " $(\\hat{L}U)_{\\pi'}$ equal to $\\hat{L}U$ with rows permutated acoording to some permutation $\\pi'$"
      ]
    },
    {
      "cell_type": "code",
      "metadata": {
        "colab": {
          "base_uri": "https://localhost:8080/"
        },
        "id": "lmOIWlZq-JoW",
        "outputId": "37457e62-4eb9-4485-d715-e33bd105753b"
      },
      "source": [
        "# ... ENTER YOUR CODE HERE ...\n",
        "\n",
        "def diy_lu_Mod(a): \n",
        "\n",
        "    N = a.shape[0]\n",
        "    u = a.copy()\n",
        "    L = np.eye(N)\n",
        "    per=np.eye(N)\n",
        "\n",
        "    for j in range(N-1):\n",
        "        lam=np.eye(N)\n",
        "        permutar = np.eye(N)\n",
        "        pivote=np.argmax(abs(u[j:,j]))+j\n",
        "        permutar[j],permutar[pivote]=permutar[pivote],permutar[j].copy()\n",
        "        u=permutar @ u\n",
        "        gamma = u[j+1:,j]/u[j,j]\n",
        "        lam[j+1:,j] = -gamma\n",
        "        u = lam @ u\n",
        "        lam[j+1:,j] = gamma\n",
        "        per= per @ permutar\n",
        "        L = L@permutar.T@lam\n",
        "    return per,per.T@L,u\n",
        "\n",
        "\n",
        "def productoMatrices(a):\n",
        "  x=a[0].shape[0]\n",
        "  y=np.eye(x)\n",
        "  for item in a:\n",
        "    y=y @ item\n",
        "  return y\n",
        "\n",
        "matriz1= diy_lu_Mod(a1)\n",
        "matriz2= diy_lu_Mod(a)\n",
        "\n",
        "\n",
        "print(\"Para la matriz a1: \\n\",productoMatrices(matriz1)-a1,\"\\n\")\n",
        "print(\"Para la matriz a: \\n\",productoMatrices(matriz2)-a)"
      ],
      "execution_count": 12,
      "outputs": [
        {
          "output_type": "stream",
          "text": [
            "Para la matriz a1: \n",
            " [[ 0.000e+00  0.000e+00  0.000e+00  0.000e+00  0.000e+00  0.000e+00]\n",
            " [ 0.000e+00  0.000e+00  0.000e+00  0.000e+00  0.000e+00  0.000e+00]\n",
            " [ 0.000e+00  0.000e+00  0.000e+00  2.220e-16  1.110e-16 -2.776e-16]\n",
            " [ 0.000e+00  0.000e+00  1.110e-16 -1.665e-16 -2.776e-16 -5.551e-17]\n",
            " [ 0.000e+00  0.000e+00  0.000e+00  0.000e+00  3.331e-16 -2.776e-17]\n",
            " [ 0.000e+00  0.000e+00 -1.665e-16 -1.665e-16  5.551e-17  0.000e+00]] \n",
            "\n",
            "Para la matriz a: \n",
            " [[ 0.000e+00  0.000e+00  0.000e+00  0.000e+00  0.000e+00  0.000e+00]\n",
            " [ 0.000e+00  0.000e+00  0.000e+00  0.000e+00  0.000e+00  0.000e+00]\n",
            " [ 0.000e+00  0.000e+00  0.000e+00  2.220e-16  1.110e-16 -2.776e-16]\n",
            " [ 0.000e+00  0.000e+00  1.110e-16 -1.665e-16 -2.776e-16 -5.551e-17]\n",
            " [ 0.000e+00  0.000e+00  0.000e+00  0.000e+00  3.331e-16  0.000e+00]\n",
            " [ 0.000e+00  0.000e+00 -1.665e-16 -1.665e-16  5.551e-17  0.000e+00]]\n"
          ],
          "name": "stdout"
        }
      ]
    },
    {
      "cell_type": "code",
      "metadata": {
        "id": "XjNI1MfQ1dXZ",
        "colab": {
          "base_uri": "https://localhost:8080/"
        },
        "outputId": "4d005444-5fe2-47ec-a536-2d29e9404c87"
      },
      "source": [
        "N = 6\n",
        "a = np.zeros((N, N), dtype=float)\n",
        "for i in range(N):\n",
        "    for j in range(N):\n",
        "        a[i, j] = 3. / (0.6*i*j + 1)\n",
        "\n",
        "L, u, P = diy_lu_Mod(a)\n",
        "\n",
        "print(\"L\\n\",L, \"\\n\")\n",
        "print(\"u\\n\",u, \"\\n\")\n",
        "print(\"L@u\\n\", L@u, \"\\n\")\n",
        "print(\"a\\n\",a, \"\\n\")\n",
        "print(\"P\\n\", P, \"\\n\")\n",
        "print(\"P@L@u\\n\", P@L@u, \"\\n\")\n",
        "print(\"a\\n\",a, \"\\n\")"
      ],
      "execution_count": 13,
      "outputs": [
        {
          "output_type": "stream",
          "text": [
            "L\n",
            " [[1. 0. 0. 0. 0. 0.]\n",
            " [0. 0. 1. 0. 0. 0.]\n",
            " [0. 0. 0. 1. 0. 0.]\n",
            " [0. 0. 0. 0. 1. 0.]\n",
            " [0. 0. 0. 0. 0. 1.]\n",
            " [0. 1. 0. 0. 0. 0.]] \n",
            "\n",
            "u\n",
            " [[1.    0.    0.    0.    0.    0.   ]\n",
            " [1.    1.    0.    0.    0.    0.   ]\n",
            " [1.    0.5   1.    0.    0.    0.   ]\n",
            " [1.    0.727 0.706 1.    0.    0.   ]\n",
            " [1.    0.857 0.41  0.835 1.    0.   ]\n",
            " [1.    0.941 0.178 0.426 0.789 1.   ]] \n",
            "\n",
            "L@u\n",
            " [[1.    0.    0.    0.    0.    0.   ]\n",
            " [1.    0.5   1.    0.    0.    0.   ]\n",
            " [1.    0.727 0.706 1.    0.    0.   ]\n",
            " [1.    0.857 0.41  0.835 1.    0.   ]\n",
            " [1.    0.941 0.178 0.426 0.789 1.   ]\n",
            " [1.    1.    0.    0.    0.    0.   ]] \n",
            "\n",
            "a\n",
            " [[3.    3.    3.    3.    3.    3.   ]\n",
            " [3.    1.875 1.364 1.071 0.882 0.75 ]\n",
            " [3.    1.364 0.882 0.652 0.517 0.429]\n",
            " [3.    1.071 0.652 0.469 0.366 0.3  ]\n",
            " [3.    0.882 0.517 0.366 0.283 0.231]\n",
            " [3.    0.75  0.429 0.3   0.231 0.188]] \n",
            "\n",
            "P\n",
            " [[ 3.000e+00  3.000e+00  3.000e+00  3.000e+00  3.000e+00  3.000e+00]\n",
            " [ 0.000e+00 -2.250e+00 -2.571e+00 -2.700e+00 -2.769e+00 -2.812e+00]\n",
            " [ 0.000e+00  0.000e+00 -3.506e-01 -5.786e-01 -7.330e-01 -8.438e-01]\n",
            " [ 0.000e+00  0.000e+00  2.776e-17  2.421e-02  4.866e-02  6.961e-02]\n",
            " [ 0.000e+00  2.220e-16 -2.317e-17  0.000e+00 -6.462e-04 -1.516e-03]\n",
            " [ 0.000e+00 -1.751e-16  6.463e-18  0.000e+00  0.000e+00  6.730e-06]] \n",
            "\n",
            "P@L@u\n",
            " [[ 1.800e+01  1.208e+01  6.883e+00  6.781e+00  5.366e+00  3.000e+00]\n",
            " [-1.310e+01 -1.073e+01 -5.666e+00 -6.004e+00 -4.884e+00 -2.769e+00]\n",
            " [-2.506e+00 -2.285e+00 -6.155e-01 -1.146e+00 -1.157e+00 -7.330e-01]\n",
            " [ 1.425e-01  1.362e-01  1.861e-02  4.092e-02  6.259e-02  4.866e-02]\n",
            " [-2.162e-03 -2.124e-03 -1.153e-04 -2.750e-04 -5.096e-04 -6.462e-04]\n",
            " [ 6.730e-06  6.730e-06 -1.706e-16  6.463e-18  0.000e+00  0.000e+00]] \n",
            "\n",
            "a\n",
            " [[3.    3.    3.    3.    3.    3.   ]\n",
            " [3.    1.875 1.364 1.071 0.882 0.75 ]\n",
            " [3.    1.364 0.882 0.652 0.517 0.429]\n",
            " [3.    1.071 0.652 0.469 0.366 0.3  ]\n",
            " [3.    0.882 0.517 0.366 0.283 0.231]\n",
            " [3.    0.75  0.429 0.3   0.231 0.188]] \n",
            "\n"
          ],
          "name": "stdout"
        }
      ]
    },
    {
      "cell_type": "code",
      "metadata": {
        "colab": {
          "base_uri": "https://localhost:8080/"
        },
        "id": "tbR2hdJGZ3Vs",
        "outputId": "5cd0585f-65b2-4664-9b45-4f772d15e4bc"
      },
      "source": [
        "a1 = a.copy()\n",
        "a1[1, 1] = 3\n",
        "\n",
        "L, u , P = diy_lu_Mod(a1)\n",
        "\n",
        "print(\"L\\n\",L, \"\\n\")\n",
        "print(\"u\\n\",u, \"\\n\")\n",
        "print(\"L@u\\n\", L@u, \"\\n\")\n",
        "print(\"a\\n\",a, \"\\n\")\n",
        "print(\"P\\n\", P, \"\\n\")\n",
        "print(\"P@L@u\\n\", P@L@u, \"\\n\")\n",
        "print(\"a\\n\",a, \"\\n\")"
      ],
      "execution_count": 14,
      "outputs": [
        {
          "output_type": "stream",
          "text": [
            "L\n",
            " [[1. 0. 0. 0. 0. 0.]\n",
            " [0. 0. 1. 0. 0. 0.]\n",
            " [0. 0. 0. 1. 0. 0.]\n",
            " [0. 0. 0. 0. 1. 0.]\n",
            " [0. 0. 0. 0. 0. 1.]\n",
            " [0. 1. 0. 0. 0. 0.]] \n",
            "\n",
            "u\n",
            " [[1.    0.    0.    0.    0.    0.   ]\n",
            " [1.    1.    0.    0.    0.    0.   ]\n",
            " [1.    0.    1.    0.    0.    0.   ]\n",
            " [1.    0.727 0.151 1.    0.    0.   ]\n",
            " [1.    0.857 0.088 0.514 1.    0.   ]\n",
            " [1.    0.941 0.038 0.208 0.641 1.   ]] \n",
            "\n",
            "L@u\n",
            " [[1.    0.    0.    0.    0.    0.   ]\n",
            " [1.    0.    1.    0.    0.    0.   ]\n",
            " [1.    0.727 0.151 1.    0.    0.   ]\n",
            " [1.    0.857 0.088 0.514 1.    0.   ]\n",
            " [1.    0.941 0.038 0.208 0.641 1.   ]\n",
            " [1.    1.    0.    0.    0.    0.   ]] \n",
            "\n",
            "a\n",
            " [[3.    3.    3.    3.    3.    3.   ]\n",
            " [3.    1.875 1.364 1.071 0.882 0.75 ]\n",
            " [3.    1.364 0.882 0.652 0.517 0.429]\n",
            " [3.    1.071 0.652 0.469 0.366 0.3  ]\n",
            " [3.    0.882 0.517 0.366 0.283 0.231]\n",
            " [3.    0.75  0.429 0.3   0.231 0.188]] \n",
            "\n",
            "P\n",
            " [[ 3.000e+00  3.000e+00  3.000e+00  3.000e+00  3.000e+00  3.000e+00]\n",
            " [ 0.000e+00 -2.250e+00 -2.571e+00 -2.700e+00 -2.769e+00 -2.812e+00]\n",
            " [ 0.000e+00  0.000e+00 -1.636e+00 -1.929e+00 -2.118e+00 -2.250e+00]\n",
            " [ 0.000e+00  0.000e+00  2.776e-17 -9.247e-02 -1.485e-01 -1.856e-01]\n",
            " [ 0.000e+00  2.220e-16 -1.427e-17  0.000e+00  1.841e-03  3.821e-03]\n",
            " [ 0.000e+00 -1.424e-16  3.391e-18  0.000e+00  0.000e+00 -1.233e-05]] \n",
            "\n",
            "P@L@u\n",
            " [[ 1.800e+01  1.058e+01  3.832e+00  5.166e+00  4.924e+00  3.000e+00]\n",
            " [-1.310e+01 -9.603e+00 -2.982e+00 -4.535e+00 -4.476e+00 -2.769e+00]\n",
            " [-7.933e+00 -7.086e+00 -4.979e-01 -3.068e+00 -3.287e+00 -2.118e+00]\n",
            " [-4.266e-01 -4.046e-01 -1.380e-02 -7.838e-02 -1.877e-01 -1.485e-01]\n",
            " [ 5.662e-03  5.554e-03  7.042e-05  3.823e-04  1.181e-03  1.841e-03]\n",
            " [-1.233e-05 -1.233e-05 -1.419e-16  3.391e-18  0.000e+00  0.000e+00]] \n",
            "\n",
            "a\n",
            " [[3.    3.    3.    3.    3.    3.   ]\n",
            " [3.    1.875 1.364 1.071 0.882 0.75 ]\n",
            " [3.    1.364 0.882 0.652 0.517 0.429]\n",
            " [3.    1.071 0.652 0.469 0.366 0.3  ]\n",
            " [3.    0.882 0.517 0.366 0.283 0.231]\n",
            " [3.    0.75  0.429 0.3   0.231 0.188]] \n",
            "\n"
          ],
          "name": "stdout"
        }
      ]
    },
    {
      "cell_type": "code",
      "metadata": {
        "colab": {
          "base_uri": "https://localhost:8080/"
        },
        "id": "AVH4Sl1iaaVL",
        "outputId": "6e5a1984-5d8a-4454-c491-0be530162943"
      },
      "source": [
        "a2 = np.array([[4,3,1,2], [5,7,0,1], [9,9,3,8], [8,2,4,7]])\n",
        "\n",
        "L, u, P = diy_lu_Mod(a2)\n",
        "\n",
        "print(\"L\\n\",L, \"\\n\")\n",
        "print(\"u\\n\",u, \"\\n\")\n",
        "print(\"L@u\\n\", L@u, \"\\n\")\n",
        "print(\"a\\n\",a, \"\\n\")\n",
        "print(\"P\\n\", P, \"\\n\")\n",
        "print(\"P@L@u\\n\", P@L@u, \"\\n\")\n",
        "print(\"a\\n\",a, \"\\n\")"
      ],
      "execution_count": 15,
      "outputs": [
        {
          "output_type": "stream",
          "text": [
            "L\n",
            " [[0. 0. 0. 1.]\n",
            " [0. 0. 1. 0.]\n",
            " [1. 0. 0. 0.]\n",
            " [0. 1. 0. 0.]] \n",
            "\n",
            "u\n",
            " [[ 1.     0.     0.     0.   ]\n",
            " [ 0.889  1.     0.     0.   ]\n",
            " [ 0.556 -0.333  1.     0.   ]\n",
            " [ 0.444  0.167  0.455  1.   ]] \n",
            "\n",
            "L@u\n",
            " [[ 0.444  0.167  0.455  1.   ]\n",
            " [ 0.556 -0.333  1.     0.   ]\n",
            " [ 1.     0.     0.     0.   ]\n",
            " [ 0.889  1.     0.     0.   ]] \n",
            "\n",
            "a\n",
            " [[3.    3.    3.    3.    3.    3.   ]\n",
            " [3.    1.875 1.364 1.071 0.882 0.75 ]\n",
            " [3.    1.364 0.882 0.652 0.517 0.429]\n",
            " [3.    1.071 0.652 0.469 0.366 0.3  ]\n",
            " [3.    0.882 0.517 0.366 0.283 0.231]\n",
            " [3.    0.75  0.429 0.3   0.231 0.188]] \n",
            "\n",
            "P\n",
            " [[ 9.     9.     3.     8.   ]\n",
            " [ 0.    -6.     1.333 -0.111]\n",
            " [ 0.     0.    -1.222 -3.481]\n",
            " [ 0.     0.     0.     0.045]] \n",
            "\n",
            "P@L@u\n",
            " [[19.111  6.5   13.091  9.   ]\n",
            " [-2.099  1.889 -6.     0.   ]\n",
            " [-4.317 -3.481  0.     0.   ]\n",
            " [ 0.04   0.045  0.     0.   ]] \n",
            "\n",
            "a\n",
            " [[3.    3.    3.    3.    3.    3.   ]\n",
            " [3.    1.875 1.364 1.071 0.882 0.75 ]\n",
            " [3.    1.364 0.882 0.652 0.517 0.429]\n",
            " [3.    1.071 0.652 0.469 0.366 0.3  ]\n",
            " [3.    0.882 0.517 0.366 0.283 0.231]\n",
            " [3.    0.75  0.429 0.3   0.231 0.188]] \n",
            "\n"
          ],
          "name": "stdout"
        }
      ]
    },
    {
      "cell_type": "markdown",
      "metadata": {
        "id": "i_GjfyUYeczB"
      },
      "source": [
        "# 3. $LU$ factorization column pivoting and reconstruction\n",
        "When we premultply $A$ by elementary permutation matricex$P_j$( to find a good pivot) and the premultply by lower triangular elemetary matrices $\\Lambda_j$  it is trasfrommed in an  upper triangular matrix $U$\n",
        "\n",
        "$$  \\Lambda_{n-1} P_{n-1} \\ldots \\Lambda_2 P_2 \\Lambda_1 P_1 A  = U$$\n",
        "$$  A  = (\\Lambda_{n-1} P_{n-1} \\ldots \\Lambda_2 P_2 \\Lambda_1 P_1)^{-1} U$$\n",
        "$$  A  = (\\Lambda_{n-1} P_{n-1} \\ldots \\Lambda_2 P_2 \\Lambda_1 P_1)^{-1} U$$\n",
        "\n",
        "The inverse of a product of matrices is the revesre product of inverses \n",
        "$$  A  = ( P_1^{-1} \\Lambda_1^{-1} P_2^{-1} \\Lambda_2^{-1} \\ldots  P_{n-1}^{-1}\\Lambda_{n-1}^{-1} ) U$$\n",
        "\n",
        "So the $LU$ column pivot factorization is \n",
        "$$  A  = L U$$\n",
        "with\n",
        "$$ U = \\Lambda_{n-1} P_{n-1} \\ldots \\Lambda_2 P_2 \\Lambda_1 P_1 A  $$\n",
        "\n",
        "\n",
        "\n",
        "$$ L  = P_1^{-1} \\Lambda_1^{-1} P_2^{-1} \\Lambda_2^{-1} \\ldots  P_{n-1}^{-1}\\Lambda_{n-1}^{-1} $$\n",
        "\n",
        "the inverse a of a Lower Triangular Elemetary Matrix is minus the matrix $\\Lambda_i^{-1} = - \\Lambda_i$ and the inverse of a Permutation Matrix (in particular an elementary permutation matrix)  is its transpose [math.stackexchange](\n",
        "        https://math.stackexchange.com/questions/98549/the-transpose-of-a-permutation-matrix-is-its-inverse#:~:text=Taking%20the%20transpose%20of%20P,Pt%3DP%E2%88%921.)  $P_i^{-1}=P_i^{t}$, so\n",
        "\n",
        "$$ L  =  P_1^{t} (-\\Lambda_1) P_2^{t} (-\\Lambda_2) \\ldots  P_{n-1}^{t} (-\\Lambda_{n-1}) $$\n"
      ]
    },
    {
      "cell_type": "code",
      "metadata": {
        "id": "0VhMdSOxf0qJ"
      },
      "source": [
        "def diy_lu_column_pivot_reconstruct(a):\n",
        "    \"\"\"Construct the LU decomposition of the input matrix.\n",
        "    \n",
        "    LU decomposition with pivot: work column by column, accumulate elementary triangular matrices L @ np.transpose(Pj) .\n",
        "    \"\"\"\n",
        "   # ... ENTER YOUR CODE HERE ...\n",
        "\n",
        "\n",
        "    return  L, u"
      ],
      "execution_count": 16,
      "outputs": []
    },
    {
      "cell_type": "code",
      "metadata": {
        "id": "u6XM-jbzgNbm",
        "colab": {
          "base_uri": "https://localhost:8080/"
        },
        "outputId": "58d5b81a-b113-4176-8876-d8fec1de851f"
      },
      "source": [
        "N = 6\n",
        "a = np.zeros((N, N), dtype=float)\n",
        "for i in range(N):\n",
        "    for j in range(N):\n",
        "        a[i, j] = 3. / (0.6*i*j + 1)\n",
        "\n",
        "L, u = diy_lu_column_pivot_reconstruct(a)\n",
        "\n",
        "print(\"L\\n\",L, \"\\n\")\n",
        "print(\"u\\n\",u, \"\\n\")\n",
        "print(\"L@u\\n\", L@u, \"\\n\")\n",
        "print(\"a\\n\",a, \"\\n\")"
      ],
      "execution_count": 17,
      "outputs": [
        {
          "output_type": "stream",
          "text": [
            "L\n",
            " [[0. 0. 0. 1.]\n",
            " [0. 0. 1. 0.]\n",
            " [1. 0. 0. 0.]\n",
            " [0. 1. 0. 0.]] \n",
            "\n",
            "u\n",
            " [[ 1.     0.     0.     0.   ]\n",
            " [ 0.889  1.     0.     0.   ]\n",
            " [ 0.556 -0.333  1.     0.   ]\n",
            " [ 0.444  0.167  0.455  1.   ]] \n",
            "\n",
            "L@u\n",
            " [[ 0.444  0.167  0.455  1.   ]\n",
            " [ 0.556 -0.333  1.     0.   ]\n",
            " [ 1.     0.     0.     0.   ]\n",
            " [ 0.889  1.     0.     0.   ]] \n",
            "\n",
            "a\n",
            " [[3.    3.    3.    3.    3.    3.   ]\n",
            " [3.    1.875 1.364 1.071 0.882 0.75 ]\n",
            " [3.    1.364 0.882 0.652 0.517 0.429]\n",
            " [3.    1.071 0.652 0.469 0.366 0.3  ]\n",
            " [3.    0.882 0.517 0.366 0.283 0.231]\n",
            " [3.    0.75  0.429 0.3   0.231 0.188]] \n",
            "\n"
          ],
          "name": "stdout"
        }
      ]
    },
    {
      "cell_type": "code",
      "metadata": {
        "id": "JheUfU9EgXUn",
        "colab": {
          "base_uri": "https://localhost:8080/",
          "height": 680
        },
        "outputId": "fcaeb544-cbbd-4d41-a361-7f681b9dbfa2"
      },
      "source": [
        "a1 = a.copy()\n",
        "a1[1, 1] = 3\n",
        "\n",
        "L, u, = diy_lu_column_pivot_reconstruct(a1)\n",
        "\n",
        "print(\"L\\n\",L, \"\\n\")\n",
        "print(\"u\\n\",u, \"\\n\")\n",
        "print(\"L@u\\n\", L@u, \"\\n\")\n",
        "print(\"a2\\n\",a1, \"\\n\")\n",
        "\n",
        "# Quick sanity check: L times U must equal the original matrix, up to floating-point errors.\n",
        "print(\"L@u - a1\\n\",L@u - a1, \"\\n\")"
      ],
      "execution_count": 18,
      "outputs": [
        {
          "output_type": "stream",
          "text": [
            "L\n",
            " [[0. 0. 0. 1.]\n",
            " [0. 0. 1. 0.]\n",
            " [1. 0. 0. 0.]\n",
            " [0. 1. 0. 0.]] \n",
            "\n",
            "u\n",
            " [[ 1.     0.     0.     0.   ]\n",
            " [ 0.889  1.     0.     0.   ]\n",
            " [ 0.556 -0.333  1.     0.   ]\n",
            " [ 0.444  0.167  0.455  1.   ]] \n",
            "\n",
            "L@u\n",
            " [[ 0.444  0.167  0.455  1.   ]\n",
            " [ 0.556 -0.333  1.     0.   ]\n",
            " [ 1.     0.     0.     0.   ]\n",
            " [ 0.889  1.     0.     0.   ]] \n",
            "\n",
            "a2\n",
            " [[3.    3.    3.    3.    3.    3.   ]\n",
            " [3.    3.    1.364 1.071 0.882 0.75 ]\n",
            " [3.    1.364 0.882 0.652 0.517 0.429]\n",
            " [3.    1.071 0.652 0.469 0.366 0.3  ]\n",
            " [3.    0.882 0.517 0.366 0.283 0.231]\n",
            " [3.    0.75  0.429 0.3   0.231 0.188]] \n",
            "\n"
          ],
          "name": "stdout"
        },
        {
          "output_type": "error",
          "ename": "ValueError",
          "evalue": "ignored",
          "traceback": [
            "\u001b[0;31m---------------------------------------------------------------------------\u001b[0m",
            "\u001b[0;31mValueError\u001b[0m                                Traceback (most recent call last)",
            "\u001b[0;32m<ipython-input-18-2d0808238e81>\u001b[0m in \u001b[0;36m<module>\u001b[0;34m()\u001b[0m\n\u001b[1;32m     10\u001b[0m \u001b[0;34m\u001b[0m\u001b[0m\n\u001b[1;32m     11\u001b[0m \u001b[0;31m# Quick sanity check: L times U must equal the original matrix, up to floating-point errors.\u001b[0m\u001b[0;34m\u001b[0m\u001b[0;34m\u001b[0m\u001b[0;34m\u001b[0m\u001b[0m\n\u001b[0;32m---> 12\u001b[0;31m \u001b[0mprint\u001b[0m\u001b[0;34m(\u001b[0m\u001b[0;34m\"L@u - a1\\n\"\u001b[0m\u001b[0;34m,\u001b[0m\u001b[0mL\u001b[0m\u001b[0;34m@\u001b[0m\u001b[0mu\u001b[0m \u001b[0;34m-\u001b[0m \u001b[0ma1\u001b[0m\u001b[0;34m,\u001b[0m \u001b[0;34m\"\\n\"\u001b[0m\u001b[0;34m)\u001b[0m\u001b[0;34m\u001b[0m\u001b[0;34m\u001b[0m\u001b[0m\n\u001b[0m",
            "\u001b[0;31mValueError\u001b[0m: operands could not be broadcast together with shapes (4,4) (6,6) "
          ]
        }
      ]
    },
    {
      "cell_type": "code",
      "metadata": {
        "id": "zm0IP17DgaeJ",
        "colab": {
          "base_uri": "https://localhost:8080/",
          "height": 644
        },
        "outputId": "d0ef88ae-2430-48c7-b212-893ad27cabac"
      },
      "source": [
        "a2 = np.array([[4,3,1], [5,7,0], [9,9,3], [8,2,4]])\n",
        "\n",
        "L, u, = diy_lu_column_pivot_reconstruct(a2)\n",
        "\n",
        "print(\"L\\n\",L, \"\\n\")\n",
        "print(\"u\\n\",u, \"\\n\")\n",
        "print(\"L@u\\n\", L@u, \"\\n\")\n",
        "print(\"a2\\n\",a2, \"\\n\")\n",
        "\n",
        "# Quick sanity check: L times U must equal the original matrix, up to floating-point errors.\n",
        "print(\"L@u - a2\\n\",L@u - a2, \"\\n\")"
      ],
      "execution_count": 19,
      "outputs": [
        {
          "output_type": "stream",
          "text": [
            "L\n",
            " [[0. 0. 0. 1.]\n",
            " [0. 0. 1. 0.]\n",
            " [1. 0. 0. 0.]\n",
            " [0. 1. 0. 0.]] \n",
            "\n",
            "u\n",
            " [[ 1.     0.     0.     0.   ]\n",
            " [ 0.889  1.     0.     0.   ]\n",
            " [ 0.556 -0.333  1.     0.   ]\n",
            " [ 0.444  0.167  0.455  1.   ]] \n",
            "\n",
            "L@u\n",
            " [[ 0.444  0.167  0.455  1.   ]\n",
            " [ 0.556 -0.333  1.     0.   ]\n",
            " [ 1.     0.     0.     0.   ]\n",
            " [ 0.889  1.     0.     0.   ]] \n",
            "\n",
            "a2\n",
            " [[4 3 1]\n",
            " [5 7 0]\n",
            " [9 9 3]\n",
            " [8 2 4]] \n",
            "\n"
          ],
          "name": "stdout"
        },
        {
          "output_type": "error",
          "ename": "ValueError",
          "evalue": "ignored",
          "traceback": [
            "\u001b[0;31m---------------------------------------------------------------------------\u001b[0m",
            "\u001b[0;31mValueError\u001b[0m                                Traceback (most recent call last)",
